9 9 9 3
5.0 5.0 5.0 5.0 5.0 5.0 5.0 5.0 5.0 1.0 1.0 1.0
5.0 5.0 5.0 -5.0 5.0 -5.0 -5.0 5.0 -5.0 1.0 -1.0 -1.0
5.0 -5.0 -5.0 5.0 -5.0 -5.0 5.0 5.0 5.0 -1.0 -1.0 1.0
-5.0 5.0 -5.0 5.0 5.0 5.0 5.0 -5.0 5.0 -1.0 1.0 1.0
5.0 5.0 5.0 5.0 5.0 5.0 5.0 5.0 5.0 1.0 1.0 1.0
5.0 5.0 5.0 -5.0 5.0 -5.0 -5.0 5.0 -5.0 1.0 -1.0 -1.0
5.0 -5.0 -5.0 5.0 -5.0 -5.0 5.0 5.0 5.0 -1.0 -1.0 1.0
-5.0 5.0 -5.0 5.0 5.0 5.0 5.0 -5.0 5.0 -1.0 1.0 1.0
5.0 5.0 5.0 5.0 5.0 5.0 5.0 5.0 5.0 1.0 1.0 1.0
5.0 5.0 5.0 -5.0 5.0 -5.0 -5.0 5.0 -5.0 1.0 -1.0 -1.0
5.0 -5.0 -5.0 5.0 -5.0 -5.0 5.0 5.0 5.0 -1.0 -1.0 1.0
-5.0 5.0 -5.0 5.0 5.0 5.0 5.0 -5.0 5.0 -1.0 1.0 1.0
5.0 5.0 5.0 5.0 5.0 5.0 5.0 5.0 5.0 1.0 1.0 1.0
5.0 5.0 5.0 -5.0 5.0 -5.0 -5.0 5.0 -5.0 1.0 -1.0 -1.0
5.0 -5.0 -5.0 5.0 -5.0 -5.0 5.0 5.0 5.0 -1.0 -1.0 1.0
-5.0 5.0 -5.0 5.0 5.0 5.0 5.0 -5.0 5.0 -1.0 1.0 1.0
5.0 5.0 5.0 5.0 5.0 5.0 5.0 5.0 5.0 1.0 1.0 1.0
5.0 5.0 5.0 -5.0 5.0 -5.0 -5.0 5.0 -5.0 1.0 -1.0 -1.0
5.0 -5.0 -5.0 5.0 -5.0 -5.0 5.0 5.0 5.0 -1.0 -1.0 1.0
-5.0 5.0 -5.0 5.0 5.0 5.0 5.0 -5.0 5.0 -1.0 1.0 1.0
5.0 5.0 5.0 5.0 5.0 5.0 5.0 5.0 5.0 1.0 1.0 1.0
5.0 5.0 5.0 -5.0 5.0 -5.0 -5.0 5.0 -5.0 1.0 -1.0 -1.0
5.0 -5.0 -5.0 5.0 -5.0 -5.0 5.0 5.0 5.0 -1.0 -1.0 1.0
-5.0 5.0 -5.0 5.0 5.0 5.0 5.0 -5.0 5.0 -1.0 1.0 1.0
5.0 5.0 5.0 5.0 5.0 5.0 5.0 5.0 5.0 1.0 1.0 1.0
5.0 5.0 5.0 -5.0 5.0 -5.0 -5.0 5.0 -5.0 1.0 -1.0 -1.0
5.0 -5.0 -5.0 5.0 -5.0 -5.0 5.0 5.0 5.0 -1.0 -1.0 1.0
-5.0 5.0 -5.0 5.0 5.0 5.0 5.0 -5.0 5.0 -1.0 1.0 1.0
5.0 5.0 5.0 5.0 5.0 5.0 5.0 5.0 5.0 1.0 1.0 1.0
5.0 5.0 5.0 -5.0 5.0 -5.0 -5.0 5.0 -5.0 1.0 -1.0 -1.0
5.0 -5.0 -5.0 5.0 -5.0 -5.0 5.0 5.0 5.0 -1.0 -1.0 1.0
-5.0 5.0 -5.0 5.0 5.0 5.0 5.0 -5.0 5.0 -1.0 1.0 1.0
5.0 5.0 5.0 5.0 5.0 5.0 5.0 5.0 5.0 1.0 1.0 1.0
5.0 5.0 5.0 -5.0 5.0 -5.0 -5.0 5.0 -5.0 1.0 -1.0 -1.0
5.0 -5.0 -5.0 5.0 -5.0 -5.0 5.0 5.0 5.0 -1.0 -1.0 1.0
-5.0 5.0 -5.0 5.0 5.0 5.0 5.0 -5.0 5.0 -1.0 1.0 1.0
5.0 5.0 5.0 5.0 5.0 5.0 5.0 5.0 5.0 1.0 1.0 1.0
5.0 5.0 5.0 -5.0 5.0 -5.0 -5.0 5.0 -5.0 1.0 -1.0 -1.0
5.0 -5.0 -5.0 5.0 -5.0 -5.0 5.0 5.0 5.0 -1.0 -1.0 1.0
-5.0 5.0 -5.0 5.0 5.0 5.0 5.0 -5.0 5.0 -1.0 1.0 1.0
5.0 5.0 5.0 5.0 5.0 5.0 5.0 5.0 5.0 1.0 1.0 1.0
5.0 5.0 5.0 -5.0 5.0 -5.0 -5.0 5.0 -5.0 1.0 -1.0 -1.0
5.0 -5.0 -5.0 5.0 -5.0 -5.0 5.0 5.0 5.0 -1.0 -1.0 1.0
-5.0 5.0 -5.0 5.0 5.0 5.0 5.0 -5.0 5.0 -1.0 1.0 1.0
5.0 5.0 5.0 5.0 5.0 5.0 5.0 5.0 5.0 1.0 1.0 1.0
5.0 5.0 5.0 -5.0 5.0 -5.0 -5.0 5.0 -5.0 1.0 -1.0 -1.0
5.0 -5.0 -5.0 5.0 -5.0 -5.0 5.0 5.0 5.0 -1.0 -1.0 1.0
-5.0 5.0 -5.0 5.0 5.0 5.0 5.0 -5.0 5.0 -1.0 1.0 1.0
5.0 5.0 5.0 5.0 5.0 5.0 5.0 5.0 5.0 1.0 1.0 1.0
5.0 5.0 5.0 -5.0 5.0 -5.0 -5.0 5.0 -5.0 1.0 -1.0 -1.0
5.0 -5.0 -5.0 5.0 -5.0 -5.0 5.0 5.0 5.0 -1.0 -1.0 1.0
-5.0 5.0 -5.0 5.0 5.0 5.0 5.0 -5.0 5.0 -1.0 1.0 1.0
5.0 5.0 5.0 5.0 5.0 5.0 5.0 5.0 5.0 1.0 1.0 1.0
5.0 5.0 5.0 -5.0 5.0 -5.0 -5.0 5.0 -5.0 1.0 -1.0 -1.0
5.0 -5.0 -5.0 5.0 -5.0 -5.0 5.0 5.0 5.0 -1.0 -1.0 1.0
-5.0 5.0 -5.0 5.0 5.0 5.0 5.0 -5.0 5.0 -1.0 1.0 1.0
5.0 5.0 5.0 5.0 5.0 5.0 5.0 5.0 5.0 1.0 1.0 1.0
5.0 5.0 5.0 -5.0 5.0 -5.0 -5.0 5.0 -5.0 1.0 -1.0 -1.0
5.0 -5.0 -5.0 5.0 -5.0 -5.0 5.0 5.0 5.0 -1.0 -1.0 1.0
-5.0 5.0 -5.0 5.0 5.0 5.0 5.0 -5.0 5.0 -1.0 1.0 1.0
5.0 5.0 5.0 5.0 5.0 5.0 5.0 5.0 5.0 1.0 1.0 1.0
5.0 5.0 5.0 -5.0 5.0 -5.0 -5.0 5.0 -5.0 1.0 -1.0 -1.0
5.0 -5.0 -5.0 5.0 -5.0 -5.0 5.0 5.0 5.0 -1.0 -1.0 1.0
-5.0 5.0 -5.0 5.0 5.0 5.0 5.0 -5.0 5.0 -1.0 1.0 1.0
5.0 5.0 5.0 5.0 5.0 5.0 5.0 5.0 5.0 1.0 1.0 1.0
5.0 5.0 5.0 -5.0 5.0 -5.0 -5.0 5.0 -5.0 1.0 -1.0 -1.0
5.0 -5.0 -5.0 5.0 -5.0 -5.0 5.0 5.0 5.0 -1.0 -1.0 1.0
-5.0 5.0 -5.0 5.0 5.0 5.0 5.0 -5.0 5.0 -1.0 1.0 1.0
5.0 5.0 5.0 5.0 5.0 5.0 5.0 5.0 5.0 1.0 1.0 1.0
5.0 5.0 5.0 -5.0 5.0 -5.0 -5.0 5.0 -5.0 1.0 -1.0 -1.0
5.0 -5.0 -5.0 5.0 -5.0 -5.0 5.0 5.0 5.0 -1.0 -1.0 1.0
-5.0 5.0 -5.0 5.0 5.0 5.0 5.0 -5.0 5.0 -1.0 1.0 1.0
