0.00 0.5
0.01 0.5024999791668749
0.02 0.5049998333399998
0.03 0.5074994375506203
0.04 0.5099986668799655
0.05 0.5124973964842103
0.06 0.51499550161941
0.07 0.5174928576663897
0.08 0.5199893401555818
0.09 0.5224848247918001
0.10 0.5249791874789399
0.11 0.5274723043445937
0.12 0.5299640517645717
0.13 0.5324543063873187
0.14 0.5349429451582145
0.15 0.5374298453437496
0.16 0.5399148845555657
0.17 0.542397940774351
0.18 0.5448788923735801
0.19 0.5473576181430894
0.20 0.549833997312478
0.21 0.5523079095743253
0.22 0.5547792351072148
0.23 0.5572478545985556
0.24 0.5597136492671929
0.25 0.5621765008857981
0.26 0.5646362918030292
0.27 0.5670929049654543
0.28 0.569546223939229
0.29 0.5719961329315186
0.30 0.574442516811659
0.31 0.5768852611320463
0.32 0.5793242521487495
0.33 0.5817593768418363
0.34 0.5841905229354074
0.35 0.5866175789173301
0.36 0.5890404340586651
0.37 0.5914589784327801
0.38 0.5938731029341427
0.39 0.5962826992967879
0.40 0.5986876601124521
0.41 0.6010878788483698
0.42 0.6034832498647263
0.43 0.6058736684317607
0.44 0.6082590307465146
0.45 0.610639233949222
0.46 0.6130141761393355
0.47 0.6153837563911821
0.48 0.617747874769249
0.49 0.6201064323430902
0.50 0.6224593312018547
0.51 0.6248064744684294
0.52 0.6271477663131956
0.53 0.6294831119673949
0.54 0.6318124177361018
0.55 0.6341355910108007
0.56 0.6364525402815664
0.57 0.638763175148842
0.58 0.6410674063348172
0.59 0.6433651456944018
0.60 0.6456563062257955
0.61 0.6479408020806503
0.62 0.6502185485738272
0.63 0.6524894621927446
0.64 0.6547534606063193
0.65 0.6570104626734988
0.66 0.6592603884513855
0.67 0.6615031592029526
0.68 0.6637386974043528
0.69 0.6659669267518203
0.70 0.6681877721681662
0.71 0.6704011598088687
0.72 0.6726070170677605
0.73 0.6748052725823136
0.74 0.6769958562385231
0.75 0.6791786991753931
0.76 0.6813537337890256
0.77 0.6835208937363157
0.78 0.685680113938254
0.79 0.6878313305828405
0.80 0.6899744811276126
0.81 0.6921095043017883
0.82 0.6942363401080307
0.83 0.6963549298238342
0.84 0.6984652160025389
0.85 0.7005671424739731
0.86 0.7026606543447316
0.87 0.7047456979980912
0.88 0.7068222210935677
0.89 0.70889017256612
0.90 0.7109495026250041
0.91 0.7130001627522817
0.92 0.7150421057009899
0.93 0.7170752854929727
0.94 0.719099657416384
0.95 0.7211151780228632
0.96 0.72312180512439
0.97 0.7251194977898232
0.98 0.7271082163411297
0.99 0.7290879223493066
1.00 0.731058578630005
1.01 0.7330201492388576
1.02 0.734972599466519
1.03 0.7369158958334204
1.04 0.7388500060842492
1.05 0.7407748991821541
1.06 0.7426905453026859
1.07 0.7445969158274761
1.08 0.7464939833376624
1.09 0.7483817216070644
1.10 0.7502601055951178
1.11 0.7521291114395703
1.12 0.7539887164489482
1.13 0.7558388990947972
1.14 0.7576796390037049
1.15 0.7595109169491113
1.16 0.7613327148429105
1.17 0.7631450157268556
1.18 0.7649478037637648
1.19 0.766741064228543
1.20 0.7685247834990179
1.21 0.7702989490466021
1.22 0.772063549426784
1.23 0.773818574269454
1.24 0.7755640142690736
1.25 0.7772998611746913
1.26 0.7790261077798123
1.27 0.7807427479121285
1.28 0.7824497764231128
1.29 0.7841471891774856
1.30 0.7858349830425588
1.31 0.787513155877461
1.32 0.789181706522253
1.33 0.7908406347869369
1.34 0.7924899414403644
1.35 0.7941296281990529
1.36 0.7957596977159084
1.37 0.7973801535688697
1.38 0.7989910002494708
1.39 0.8005922431513317
1.40 0.802183888558582
1.41 0.8037659436342209
1.42 0.8053384164084223
1.43 0.8069013157667837
1.44 0.8084546514385327
1.45 0.8099984339846872
1.46 0.8115326747861807
1.47 0.8130573860319538
1.48 0.8145725807070179
1.49 0.8160782725804959
1.50 0.8175744761936439
1.51 0.8190612068478581
1.52 0.8205384805926734
1.53 0.8220063142137537
1.54 0.8234647252208835
1.55 0.8249137318359603
1.56 0.8263533529809951
1.57 0.8277836082661224
1.58 0.8292045179776257
1.59 0.8306161030659814
1.60 0.8320183851339246
1.61 0.8334113864245406
1.62 0.8347951298093855
1.63 0.8361696387766412
1.64 0.8375349374193041
1.65 0.8388910504234149
1.66 0.8402380030563311
1.67 0.8415758211550444
1.68 0.8429045311145476
1.69 0.8442241598762528
1.70 0.8455347349164655
1.71 0.8468362842349141
1.72 0.8481288363433409
1.73 0.8494124202541562
1.74 0.8506870654691565
1.75 0.8519528019683107
1.76 0.8532096601986178
1.77 0.8544576710630348
1.78 0.8556968659094816
1.79 0.8569272765199194
1.80 0.8581489350995124
1.81 0.8593618742658661
1.82 0.8605661270383501
1.83 0.8617617268275061
1.84 0.8629487074245406
1.85 0.8641271029909059
1.86 0.865296948047972
1.87 0.8664582774667877
1.88 0.8676111264579347
1.89 0.8687555305614768
1.90 0.8698915256370023
1.91 0.8710191478537644
1.92 0.8721384336809189
1.93 0.8732494198778593
1.94 0.8743521434846545
1.95 0.8754466418125837
1.96 0.8765329524347761
1.97 0.8776111131769514
1.98 0.8786811621082634
1.99 0.8797431375322493
2.00 0.8807970779778825
2.01 0.8818430221907305
2.02 0.8828810091242195
2.03 0.8839110779310052
2.04 0.8849332679544502
2.05 0.8859476187202091
2.06 0.8869541699279211
2.07 0.8879529614430097
2.08 0.8889440332885924
2.09 0.8899274256374969
2.10 0.890903178804387
2.11 0.8918713332379963
2.12 0.8928319295134717
2.13 0.8937850083248243
2.14 0.89473061047749
2.15 0.8956687768809986
2.16 0.8965995485417502
2.17 0.8975229665559024
2.18 0.8984390721023631
2.19 0.8993479064358929
2.20 0.9002495108803147
2.21 0.9011439268218304
2.22 0.9020311957024458
2.23 0.9029113590135008
2.24 0.9037844582893069
2.25 0.9046505351008902
2.26 0.9055096310498404
2.27 0.9063617877622638
2.28 0.9072070468828427
2.29 0.9080454500689953
2.30 0.9088770389851435
2.31 0.9097018552970797
2.32 0.910519940666438
2.33 0.9113313367452663
2.34 0.9121360851706982
2.35 0.9129342275597283
2.36 0.9137258055040828
2.37 0.9145108605651929
2.38 0.9152894342692637
2.39 0.9160615681024413
2.40 0.9168273035060771
2.41 0.9175866818720866
2.42 0.9183397445384048
2.43 0.919086532784534
2.44 0.9198270878271871
2.45 0.920561450816021
2.46 0.9212896628294641
2.47 0.922011764870633
2.48 0.9227277978633396
2.49 0.9234378026481873
2.50 0.9241418199787558
2.51 0.9248398905178726
2.52 0.9255320548339714
2.53 0.926218353397534
2.54 0.9268988265776211
2.55 0.9275735146384817
2.56 0.928242457736248
2.57 0.9289056959157121
2.58 0.9295632691071822
2.59 0.9302152171234191
2.60 0.9308615796566525
2.61 0.9315023962756732
2.62 0.9321377064230048
2.63 0.9327675494121492
2.64 0.9333919644249086
2.65 0.9340109905087804
2.66 0.9346246665744266
2.67 0.9352330313932137
2.68 0.9358361235948253
2.69 0.936433981664944
2.70 0.9370266439430027
2.71 0.9376141486200047
2.72 0.9381965337364107
2.73 0.9387738371800911
2.74 0.939346096684347
2.75 0.9399133498259916
2.76 0.9404756340234977
2.77 0.9410329865352075
2.78 0.9415854444576028
2.79 0.9421330447236382
2.80 0.9426758241011305
2.81 0.9432138191912107
2.82 0.9437470664268317
2.83 0.9442756020713338
2.84 0.9447994622170649
2.85 0.9453186827840584
2.86 0.9458332995187632
2.87 0.9463433479928273
2.88 0.9468488636019354
2.89 0.9473498815646962
2.90 0.9478464369215813
2.91 0.9483385645339142
2.92 0.9488262990829074
2.93 0.9493096750687485
2.94 0.9497887268097326
2.95 0.9502634884414424
2.96 0.9507339939159725
2.97 0.9512002770011991
2.98 0.9516623712800939
2.99 0.9521203101500803
3.00 0.9525741268224323
3.01 0.9530238543217155
3.02 0.9534695254852676
3.03 0.9539111729627194
3.04 0.9543488292155554
3.05 0.9547825265167117
3.06 0.9552122969502124
3.07 0.9556381724108427
3.08 0.9560601846038578
3.09 0.956478365044727
3.10 0.9568927450589131
3.11 0.9573033557816851
3.12 0.9577102281579651
3.13 0.9581133929422064
3.14 0.9585128806983032
3.15 0.958908721799534
3.16 0.9593009464285326
3.17 0.9596895845772898
3.18 0.9600746660471853
3.19 0.9604562204490461
3.20 0.9608342772032347
3.21 0.961208865539763
3.22 0.9615800144984337
3.23 0.9619477529290069
3.24 0.9623121094913931
3.25 0.9626731126558696
3.26 0.9630307907033221
3.27 0.9633851717255093
3.28 0.9637362836253509
3.29 0.9640841541172375
3.30 0.964428810727363
3.31 0.9647702807940776
3.32 0.9651085914682622
3.33 0.9654437697137226
3.34 0.9657758423076033
3.35 0.9661048358408209
3.36 0.9664307767185165
3.37 0.9667536911605249
3.38 0.9670736052018628
3.39 0.9673905446932335
3.40 0.9677045353015485
3.41 0.9680156025104658
3.42 0.9683237716209426
3.43 0.9686290677518051
3.44 0.9689315158403318
3.45 0.9692311406428512
3.46 0.969527966735355
3.47 0.9698220185141232
3.48 0.9701133201963628
3.49 0.97040189582086
3.50 0.9706877692486428
3.51 0.9709709641636584
3.52 0.9712515040734591
3.53 0.9715294123099018
3.54 0.9718047120298566
3.55 0.9720774262159261
3.56 0.9723475776771761
3.57 0.9726151890498734
3.58 0.9728802827982361
3.59 0.9731428812151895
3.60 0.9734030064231333
3.61 0.9736606803747159
3.62 0.9739159248536162
3.63 0.9741687614753352
3.64 0.9744192116879915
3.65 0.9746672967731275
3.66 0.9749130378465194
3.67 0.9751564558589955
3.68 0.9753975715972596
3.69 0.9756364056847213
3.70 0.97587297858233
3.71 0.9761073105894166
3.72 0.9763394218445379
3.73 0.9765693323263288
3.74 0.9767970618543552
3.75 0.9770226300899737
3.76 0.9772460565371953
3.77 0.9774673605435519
3.78 0.977686561300967
3.79 0.9779036778466291
3.80 0.9781187290638689
3.81 0.9783317336830387
3.82 0.9785427102823956
3.83 0.9787516772889858
3.84 0.9789586529795309
3.85 0.9791636554813189
3.86 0.979366702773093
3.87 0.9795678126859462
3.88 0.9797670029042137
3.89 0.9799642909663697
3.90 0.9801596942659216
3.91 0.9803532300523105
3.92 0.9805449154318062
3.93 0.9807347673684077
3.94 0.980922802684741
3.95 0.9811090380629602
3.96 0.9812934900456446
3.97 0.9814761750366998
3.98 0.981657109302256
3.99 0.9818363089715668
4.00 0.9820137900379078
4.01 0.9821895683594738
4.02 0.9823636596602766
4.03 0.9825360795310396
4.04 0.982706843430094
4.05 0.9828759666842717
4.06 0.9830434644897986
4.07 0.9832093519131855
4.08 0.9833736438921177
4.09 0.983536355236343
4.10 0.9836975006285584
4.11 0.983857094625294
4.12 0.9840151516577967
4.13 0.9841716860329095
4.14 0.9843267119339507
4.15 0.9844802434215905
4.16 0.9846322944347238
4.17 0.9847828787913431
4.18 0.9849320101894065
4.19 0.9850797022077051
4.20 0.9852259683067263
4.21 0.9853708218295151
4.22 0.9855142760025325
4.23 0.9856563439365112
4.24 0.9857970386273083
4.25 0.9859363729567538
4.26 0.9860743596934989
4.27 0.9862110114938579
4.28 0.9863463409026484
4.29 0.9864803603540298
4.30 0.9866130821723345
4.31 0.9867445185729006
4.32 0.9868746816628965
4.33 0.9870035834421461
4.34 0.9871312358039469
4.35 0.9872576505358878
4.36 0.9873828393206606
4.37 0.9875068137368699
4.38 0.987629585259837
4.39 0.9877511652624029
4.40 0.9878715650157252
4.41 0.987990795690072
4.42 0.9881088683556124
4.43 0.9882257939832021
4.44 0.9883415834451663
4.45 0.9884562475160771
4.46 0.9885697968735287
4.47 0.9886822420989072
4.48 0.9887935936781564
4.49 0.9889038620025419
4.50 0.9890130573694063
4.51 0.9891211899829254
4.52 0.9892282699548578
4.53 0.9893343073052895
4.54 0.9894393119633764
4.55 0.9895432937680815
4.56 0.9896462624689076
4.57 0.9897482277266275
4.58 0.9898491991140067
4.59 0.9899491861165257
4.60 0.9900481981330951
4.61 0.9901462444767684
4.62 0.9902433343754481
4.63 0.9903394769725915
4.64 0.9904346813279079
4.65 0.9905289564180534
4.66 0.9906223111373226
4.67 0.9907147542983339
4.68 0.9908062946327113
4.69 0.9908969407917627
4.70 0.9909867013471517
4.71 0.9910755847915681
4.72 0.9911635995393918
4.73 0.9912507539273524
4.74 0.9913370562151864
4.75 0.9914225145862876
4.76 0.9915071371483551
4.77 0.9915909319340365
4.78 0.9916739069015658
4.79 0.991756069935398
4.80 0.9918374288468397
4.81 0.9919179913746741
4.82 0.9919977651857833
4.83 0.9920767578757645
4.84 0.9921549769695438
4.85 0.9922324299219845
4.86 0.9923091241184913
4.87 0.9923850668756103
4.88 0.9924602654416261
4.89 0.9925347269971518
4.90 0.9926084586557177
4.91 0.9926814674643534
4.92 0.9927537604041681
4.93 0.9928253443909247
4.94 0.9928962262756109
4.95 0.9929664128450044
4.96 0.9930359108222374
4.97 0.9931047268673534
4.98 0.9931728675778613
4.99 0.9932403394892864
5.00 0.9933071490757148
5.01 0.9933733027503366
5.02 0.9934388068659833
5.03 0.9935036677156611
5.04 0.993567891533081
5.05 0.9936314844931842
5.06 0.9936944527126637
5.07 0.993756802250483
5.08 0.9938185391083885
5.09 0.9938796692314196
5.10 0.9939401985084155
5.11 0.9940001327725158
5.12 0.9940594778016593
5.13 0.9941182393190783
5.14 0.9941764229937881
5.15 0.9942340344410746
5.16 0.9942910792229763
5.17 0.9943475628487626
5.18 0.9944034907754098
5.19 0.9944588684080723
5.20 0.9945137011005493
5.21 0.9945679941557495
5.22 0.994621752826151
5.23 0.9946749823142575
5.24 0.9947276877730511
5.25 0.9947798743064412
5.26 0.994831546969711
5.27 0.9948827107699582
5.28 0.9949333706665333
5.29 0.9949835315714757
5.30 0.9950331983499427
5.31 0.9950823758206393
5.32 0.9951310687562409
5.33 0.9951792818838148
5.34 0.9952270198852363
5.35 0.9952742873976042
5.36 0.995321089013649
5.37 0.9953674292821414
5.38 0.9954133127082958
5.39 0.9954587437541689
5.40 0.9955037268390584
5.41 0.995548266339896
5.42 0.9955923665916369
5.43 0.995636031887647
5.44 0.9956792664800876
5.45 0.9957220745802947
5.46 0.9957644603591563
5.47 0.9958064279474872
5.48 0.9958479814363991
5.49 0.995889124877669
5.50 0.9959298622841037
5.51 0.9959701976299
5.52 0.9960101348510055
5.53 0.9960496778454719
5.54 0.9960888304738078
5.55 0.9961275965593287
5.56 0.9961659798885024
5.57 0.9962039842112924
5.58 0.9962416132414988
5.59 0.9962788706570955
5.60 0.9963157601005637
5.61 0.9963522851792248
5.62 0.9963884494655683
5.63 0.9964242564975775
5.64 0.9964597097790533
5.65 0.9964948127799333
5.66 0.9965295689366104
5.67 0.9965639816522459
5.68 0.9965980542970825
5.69 0.9966317902087529
5.70 0.9966651926925865
5.71 0.9966982650219123
5.72 0.9967310104383611
5.73 0.9967634321521629
5.74 0.9967955333424428
5.75 0.9968273171575146
5.76 0.9968587867151704
5.77 0.9968899451029692
5.78 0.9969207953785224
5.79 0.996951340569776
5.80 0.9969815836752914
5.81 0.9970115276645226
5.82 0.9970411754780926
5.83 0.9970705300280649
5.84 0.9970995941982156
5.85 0.9971283708442994
5.86 0.9971568627943167
5.87 0.9971850728487768
5.88 0.9972130037809576
5.89 0.9972406583371647
5.90 0.9972680392369888
5.91 0.9972951491735569
5.92 0.9973219908137868
5.93 0.9973485667986338
5.94 0.9973748797433396
5.95 0.9974009322376766
5.96 0.9974267268461895
5.97 0.9974522661084372
5.98 0.9974775525392302
5.99 0.9975025886288662
6.00 0.9975273768433651
6.01 0.9975519196246997
6.02 0.9975762193910258
6.03 0.99760027853691
6.04 0.9976240994335548
6.05 0.9976476844290217
6.06 0.9976710358484532
6.07 0.9976941559942916
6.08 0.9977170471464968
6.09 0.9977397115627613
6.10 0.9977621514787236
6.11 0.9977843691081791
6.12 0.997806366643291
6.13 0.997828146254796
6.14 0.9978497100922107
6.15 0.9978710602840357
6.16 0.9978921989379567
6.17 0.9979131281410447
6.18 0.9979338499599544
6.19 0.9979543664411199
6.20 0.9979746796109499
6.21 0.9979947914760193
6.22 0.9980147040232612
6.23 0.9980344192201551
6.24 0.9980539390149143
6.25 0.9980732653366723
6.26 0.998092400095666
6.27 0.9981113451834176
6.28 0.9981301024729157
6.29 0.9981486738187938
6.30 0.998167061057507
6.31 0.9981852660075083
6.32 0.9982032904694214
6.33 0.9982211362262138
6.34 0.9982388050433669
6.35 0.998256298669045
6.36 0.9982736188342626
6.37 0.9982907672530505
6.38 0.9983077456226203
6.39 0.9983245556235254
6.40 0.9983411989198253
6.41 0.9983576771592426
6.42 0.998373991973322
6.43 0.9983901449775875
6.44 0.9984061377716968
6.45 0.9984219719395959
6.46 0.9984376490496708
6.47 0.9984531706548986
6.48 0.9984685382929966
6.49 0.9984837534865709
6.50 0.9984988177432628
6.51 0.9985137325558939
6.52 0.9985284994026105
6.53 0.9985431197470246
6.54 0.9985575950383573
6.55 0.9985719267115772
6.56 0.9985861161875391
6.57 0.9986001648731215
6.58 0.9986140741613618
6.59 0.998627845431592
6.60 0.9986414800495709
6.61 0.9986549793676172
6.62 0.9986683447247395
6.63 0.9986815774467659
6.64 0.9986946788464731
6.65 0.9987076502237124
6.66 0.9987204928655369
6.67 0.9987332080463245
6.68 0.9987457970279029
6.69 0.9987582610596717
6.70 0.9987706013787224
6.71 0.99878281920996
6.72 0.998794915766221
6.73 0.9988068922483906
6.74 0.9988187498455208
6.75 0.9988304897349445
6.76 0.9988421130823903
6.77 0.9988536210420964
6.78 0.9988650147569218
6.79 0.9988762953584581
6.80 0.9988874639671396
6.81 0.9988985216923515
6.82 0.9989094696325389
6.83 0.9989203088753132
6.84 0.998931040497558
6.85 0.9989416655655339
6.86 0.9989521851349827
6.87 0.9989626002512305
6.88 0.9989729119492883
6.89 0.9989831212539546
6.90 0.9989932291799142
6.91 0.9990032367318377
6.92 0.999013144904479
6.93 0.9990229546827732
6.94 0.999032667041932
6.95 0.9990422829475397
6.96 0.9990518033556463
6.97 0.999061229212862
6.98 0.9990705614564491
6.99 0.9990798010144145
7.00 0.9990889488055992
7.01 0.9990980057397686
7.02 0.9991069727177018
7.03 0.9991158506312793
7.04 0.9991246403635706
7.05 0.9991333427889207
7.06 0.999141958773035
7.07 0.9991504891730648
7.08 0.9991589348376909
7.09 0.9991672966072072
7.10 0.9991755753136017
7.11 0.9991837717806398
7.12 0.9991918868239437
7.13 0.9991999212510734
7.14 0.9992078758616048
7.15 0.9992157514472089
7.16 0.999223548791729
7.17 0.9992312686712583
7.18 0.9992389118542148
7.19 0.9992464791014181
7.20 0.9992539711661631
7.21 0.9992613887942949
7.22 0.9992687327242807
7.23 0.9992760036872835
7.24 0.9992832024072336
7.25 0.9992903296008993
7.26 0.9992973859779583
7.27 0.9993043722410662
7.28 0.9993112890859267
7.29 0.9993181372013593
7.30 0.999324917269367
7.31 0.9993316299652045
7.32 0.9993382759574428
7.33 0.9993448559080366
7.34 0.9993513704723885
7.35 0.9993578202994139
7.36 0.9993642060316046
7.37 0.9993705283050925
7.38 0.999376787749712
7.39 0.9993829849890614
7.40 0.9993891206405654
7.41 0.9993951953155358
7.42 0.9994012096192306
7.43 0.9994071641509149
7.44 0.999413059503919
7.45 0.9994188962656982
7.46 0.9994246750178892
7.47 0.9994303963363683
7.48 0.9994360607913078
7.49 0.9994416689472326
7.50 0.9994472213630762
7.51 0.999452718592235
7.52 0.9994581611826227
7.53 0.9994635496767259
7.54 0.9994688846116561
7.55 0.9994741665192033
7.56 0.9994793959258891
7.57 0.9994845733530172
7.58 0.9994896993167265
7.59 0.9994947743280409
7.60 0.9994997988929205
7.61 0.9995047735123107
7.62 0.9995096986821933
7.63 0.9995145748936335
7.64 0.9995194026328296
7.65 0.9995241823811616
7.66 0.9995289146152372
7.67 0.9995335998069399
7.68 0.9995382384234758
7.69 0.9995428309274194
7.70 0.9995473777767595
7.71 0.999551879424944
7.72 0.9995563363209256
7.73 0.999560748909206
7.74 0.999565117629879
7.75 0.9995694429186752
7.76 0.9995737252070049
7.77 0.999577964922
7.78 0.9995821624865565
7.79 0.9995863183193778
7.80 0.9995904328350139
7.81 0.9995945064439041
7.82 0.9995985395524172
7.83 0.999602532562891
7.84 0.9996064858736734
7.85 0.9996103998791612
7.86 0.9996142749698387
7.87 0.999618111532317
7.88 0.9996219099493728
7.89 0.9996256705999852
7.90 0.9996293938593735
7.91 0.9996330800990352
7.92 0.9996367296867819
7.93 0.9996403429867762
7.94 0.9996439203595676
7.95 0.9996474621621286
7.96 0.9996509687478898
7.97 0.9996544404667748
7.98 0.9996578776652353
7.99 0.9996612806862848
8.00 0.9996646498695334
8.01 0.9996679855512215
8.02 0.9996712880642522
8.03 0.999674557738225
8.04 0.9996777948994687
8.05 0.9996809998710731
8.06 0.999684172972922
8.07 0.9996873145217242
8.08 0.9996904248310444
8.09 0.9996935042113362
8.10 0.999696552969971
8.11 0.9996995714112694
8.12 0.9997025598365318
8.13 0.9997055185440669
8.14 0.9997084478292226
8.15 0.9997113479844154
8.16 0.999714219299158
8.17 0.9997170620600901
8.18 0.9997198765510052
8.19 0.999722663052879
8.20 0.9997254218438986
8.21 0.9997281531994885
8.22 0.9997308573923388
8.23 0.9997335346924324
8.24 0.9997361853670718
8.25 0.9997388096809043
8.26 0.9997414078959507
8.27 0.9997439802716295
8.28 0.9997465270647835
8.29 0.9997490485297048
8.30 0.9997515449181605
8.31 0.999754016479418
8.32 0.9997564634602681
8.33 0.9997588861050526
8.34 0.9997612846556851
8.35 0.9997636593516778
8.36 0.9997660104301638
8.37 0.9997683381259213
8.38 0.9997706426713966
8.39 0.9997729242967277
8.40 0.9997751832297667
8.41 0.9997774196961022
8.42 0.9997796339190831
8.43 0.999781826119839
8.44 0.9997839965173034
8.45 0.9997861453282355
8.46 0.9997882727672409
8.47 0.9997903790467937
8.48 0.9997924643772576
8.49 0.9997945289669063
8.50 0.9997965730219448
8.51 0.9997985967465295
8.52 0.999800600342789
8.53 0.9998025840108433
8.54 0.9998045479488252
8.55 0.9998064923528988
8.56 0.9998084174172788
8.57 0.999810323334251
8.58 0.9998122102941909
8.59 0.9998140784855822
8.60 0.9998159280950366
8.61 0.9998177593073108
8.62 0.9998195723053267
8.63 0.9998213672701881
8.64 0.9998231443812
8.65 0.9998249038158851
8.66 0.9998266457500029
8.67 0.9998283703575662
8.68 0.9998300778108584
8.69 0.9998317682804517
8.70 0.9998334419352227
8.71 0.9998350989423702
8.72 0.9998367394674319
8.73 0.9998383636742999
8.74 0.999839971725238
8.75 0.9998415637808975
8.76 0.999843140000333
8.77 0.9998447005410191
8.78 0.9998462455588648
8.79 0.9998477752082298
8.80 0.9998492896419403
8.81 0.999850789011303
8.82 0.999852273466121
8.83 0.9998537431547093
8.84 0.9998551982239082
8.85 0.9998566388190987
8.86 0.999858065084217
8.87 0.9998594771617689
8.88 0.9998608751928434
8.89 0.9998622593171277
8.90 0.9998636296729204
8.91 0.9998649863971456
8.92 0.9998663296253665
8.93 0.9998676594917982
8.94 0.9998689761293229
8.95 0.9998702796695016
8.96 0.9998715702425869
8.97 0.9998728479775373
8.98 0.9998741130020299
8.99 0.9998753654424715
9.00 0.9998766054240137
9.01 0.9998778330705631
9.02 0.9998790485047949
9.03 0.9998802518481651
9.04 0.9998814432209221
9.05 0.9998826227421188
9.06 0.9998837905296252
9.07 0.9998849467001387
9.08 0.9998860913691975
9.09 0.9998872246511907
9.10 0.9998883466593704
9.11 0.9998894575058628
9.12 0.9998905573016795
9.13 0.9998916461567283
9.14 0.9998927241798244
9.15 0.9998937914787018
9.16 0.9998948481600223
9.17 0.999895894329388
9.18 0.9998969300913515
9.19 0.9998979555494248
9.20 0.9998989708060922
9.21 0.999899975962818
9.22 0.9999009711200578
9.23 0.9999019563772693
9.24 0.9999029318329203
9.25 0.9999038975845005
9.26 0.9999048537285297
9.27 0.999905800360568
9.28 0.9999067375752262
9.29 0.9999076654661733
9.30 0.9999085841261478
9.31 0.9999094936469657
9.32 0.9999103941195304
9.33 0.9999112856338408
9.34 0.999912168279002
9.35 0.999913042143232
9.36 0.9999139073138723
9.37 0.999914763877396
9.38 0.9999156119194158
9.39 0.9999164515246937
9.40 0.9999172827771484
9.41 0.9999181057598645
9.42 0.9999189205551002
9.43 0.9999197272442962
9.44 0.9999205259080827
9.45 0.9999213166262887
9.46 0.9999220994779489
9.47 0.9999228745413127
9.48 0.9999236418938507
9.49 0.9999244016122638
9.50 0.9999251537724895
9.51 0.9999258984497106
9.52 0.9999266357183623
9.53 0.9999273656521392
9.54 0.9999280883240038
9.55 0.9999288038061921
9.56 0.9999295121702223
9.57 0.9999302134869015
9.58 0.9999309078263319
9.59 0.9999315952579199
9.60 0.9999322758503801
9.61 0.9999329496717451
9.62 0.9999336167893702
9.63 0.9999342772699406
9.64 0.9999349311794794
9.65 0.9999355785833519
9.66 0.9999362195462742
9.67 0.9999368541323184
9.68 0.9999374824049192
9.69 0.9999381044268812
9.70 0.9999387202603833
9.71 0.9999393299669873
9.72 0.9999399336076413
9.73 0.9999405312426889
9.74 0.9999411229318717
9.75 0.9999417087343389
9.76 0.9999422887086502
9.77 0.9999428629127833
9.78 0.9999434314041399
9.79 0.9999439942395493
9.80 0.9999445514752772
9.81 0.9999451031670289
9.82 0.9999456493699554
9.83 0.9999461901386599
9.84 0.9999467255272021
9.85 0.999947255589104
9.86 0.9999477803773557
9.87 0.9999482999444195
9.88 0.9999488143422366
9.89 0.9999493236222312
9.90 0.9999498278353162
9.91 0.9999503270318982
9.92 0.9999508212618822
9.93 0.9999513105746769
9.94 0.9999517950191998
9.95 0.9999522746438816
9.96 0.9999527494966711
9.97 0.9999532196250409
9.98 0.9999536850759906
9.99 0.9999541458960529
10.00 0.9999546021312976
